0 58 0 0 0 0 0 0 0 0 0 0 0 0 0 0 0 0 0 0  
58 0 89 0 102 0 17 96 0 0 0 0 0 0 0 0 0 0 0 0 
0 89 0 60 33 38 81 0 0 0 0 0 137 0 0 0 0 0 0 0 
0 0 60 0 0 130 123 0 0 0 0 70 0 0 0 0 0 0 0 0 
0 102 33 0 0 72 95 0 65 59 81 0 98 0 0 0 0 0 0 0 
0 0 38 130 72 0 0 420 0 0 19 0 61 0 0 0 0 0 0 0 
0 17 81 123 95 0 0 0 0 0 0 0 0 0 0 0 0 0 0 0  
0 96 0 0 0 420 0 0 49 0 0 0 0 341 0 400 0 0 0 0 
0 0 0 0 65 0 0 49 0 41 0 0 0 0 0 0 0 0 0 0 
0 0 0 0 59 0 0 0 41 0 0 0 0 302 0 0 0 0 0 0 
0 0 0 0 81 19 0 0 0 0 0 29 79 0 0 485 0 0 0 0    
0 0 0 70 0 0 0 0 0 0 29 0 0 0 0 471 0 0 0 0    
0 0 137 0 98 61 0 0 0 0 79 0 0 0 0 0 0 0 0 0  
0 0 0 0 0 0 0 341 0 302 0 0 0 0 0 266 0 0 0 0 
0 0 0 0 0 0 0 0 0 0 0 0 0 0 0 44 71 93 111 0   
0 0 0 0 0 0 0 400 0 0 485 471 0 266 44 0 0 0 0 64 
0 0 0 0 0 0 0 0 0 0 0 0 0 0 71 0 0 24 0 0   
0 0 0 0 0 0 0 0 0 0 0 0 0 0 93 0 24 0 20 203    
0 0 0 0 0 0 0 0 0 0 0 0 0 0 111 0 0 20 0 200    
0 0 0 0 0 0 0 0 0 0 0 0 0 0 0 64 0 203 200 0    